734 174
749 174
766 173
781 173
800 176
813 176
828 175
847 174
861 174
862 188
848 189
826 191
815 193
795 191
782 192
764 192
751 190
737 191
731 207
750 207
764 206
784 205
796 206
810 206
828 208
845 206
860 205
861 221
842 222
828 222
815 224
800 225
780 222
767 224
748 224
736 223
731 238
752 238
766 238
780 238
794 238
814 240
831 236
843 238
862 239
862 252
847 255
831 255
814 254
798 255
783 256
766 255
752 255
735 255
734 268
749 271
768 269
781 270
795 270
812 269
830 270
845 271
862 271
861 287
846 286
829 289
816 288
798 288
781 288
766 286
750 286
736 285
733 302
751 303
766 300
783 301
800 303
813 301
828 301
844 304
863 301